3971132759
21940732
2575397150
706257
708435
3635291927
999200615
1502747725
926261
1008903605
30573264
461323600
3001562095
41998979
1816135725
1816135925
1816139026
41999880
4101421534
3554024989
974805577
3603098872
3603098903
3603098911
3603098938
3603098942
3603098971
3603098975
3603099002
3603099006
3603099010
3603099041
3603099070
3612426091
1423445682
4152103915
2886203608
3924180824
1316159
1316732
3240334591
45506673
1512713003
45872540
1146389329
43118
3918447144
50476782
50476947
46369
1925678880
3373870446
164818934
164818935
164818966
1106775043
3950723206
50672
55402337
56152
56320
61335276
56321
2369597964
1703
2860459378
3343351488
3192403806
2544223797
1794097140
1095591178
2098561293
2090374038
1153363998
1933
