3971132759
21940732
22084480
2575397150
700789
706257
708435
3635291927
1502747725
926261
27942
1515789756
999200615
3603098872
3603098874
3603098876
3603098878
3603098903
3603098905
3603098907
3603098909
3603098911
3603098936
3603098938
3603098940
3603098942
3603098944
3603098969
3603098971
3603098973
3603098975
3603098977
3603099002
3603099006
3603099008
3603099010
3603099035
3603099037
3603099039
3603099041
3603099068
3603099070
3603099072
3603099074
3603099076
30573264
1008903605
3554024989
37058
461323600
1137479728
1137479729
3001562095
41998979
2326992778
1816135925
1816139027
1816139026
1816135725
2787278970
41999880
4101421534
1831591905
1410528946
974805577
3787143290
3612426091
39325
2688510230
1008844988
290872130
1634713038
990337002
2924392039
1423445682
4147510694
334671939
4152103915
755477579
755478696
2886203608
3924180824
3991938932
1316732
1316159
40376
3367711505
661194635
44072489
2748290615
3240334591
3029945831
45506673
45872540
1512713003
1146389329
3637991701
2954738437
3347023434
2868536585
1544720613
43118
3892085016
3364962990
837621662
1913185783
1458721354
48171572
1589472076
3918447144
2977363024
50476782
46369
50476947
3373870446
1925678880
164818934
164818935
164818966
1106775043
4207840464
2714426034
3827841234
3950723206
133082177
133082210
1305539024
4268843512
4268843684
50672
55402337
2446165285
3977320447
55094
1673
60217920
56149
56152
56320
61335276
2020296126
56321
2369597964
1703
4204421524
3343351488
2860459378
2049908075
62440586
2544223797
3192403806
2544223800
2355006862
529336918
1095591178
1794097140
2098561293
2090374038
1153363998
2628261310
1711519800
1933
434493780
16618735
450173759
70523771
1874605
1446513011
1446513012
2095565141
1443224363
2774809282
3322623093
2774809281
2774809283
3358078820
362204903
363681587
1442743986
1442771208
3786231998
1443027305
3352694745
381728946
1443310131
1443238594
362572921
434165756
3294653300
3294643506
1569182369
3294643446
3294642427
652922902
4149472899
684073281
1427259359
3802063577
3787545062
4149885963
1427246251
3796455856
1655284127
1654207646
2183312916
2510853251