700789
334671939
2326992778
1816139027
1831591905
1410528946
3603098969
3603098973
3603098977
3603099037
3603099068
3603099072
3603099076
3787143290
39325
290872130
990337002
2924392039
755477579
755478696
3991938932
40376
3367711505
1458721354
3637991701
1544720613
2868536585
3364962990
837621662
1913185783
48171572
3892085016
2714426034
133082210
1305539024
4268843512
4268843684
2446165285
1673
60217920
3977320447
2020296126
2544223800
2049908075
2628261310
434493780
70523771
450173759
2787278970
3603098874
3603098876
3603098878
3603098907
3603098909
2688510230
1008844988
1634713038
4147510694
3347023434
661194635
3029945831
133082177
529336918
2355006862
1711519800
16618735
1137479728
1137479729
3603098936
3603098940
3603098944
3603099039
974805577
3603099074
461323600
1106775043